    1         1
    2    182667
    3    279195
    4    223491
    5    205755
    6    359329
    7    198937
    8    246491
    9    466233
   10    379083
   11     36369
   12     64937
   13     66771
   14    316939
   15    133085
   16    123053
   17    117393
   18    150849
   19    249011
   20     84523
   21    488607
   22    302459
   23    166527
   24    320003
   25    389385
   26    167853
   27    500963
   28     29137
   29    272065
   30    191127
   31    236801
   32     33547
   33    493351
   34    287131
   35    123975
   36    144279
   37    469429
   38    303333
   39    241475
   40    464325
   41    222725
   42    461957
   43     36889
   44    302837
   45    375867
   46    330661
   47    317387
   48    251717
   49    204691
   50    448709
   51    230903
   52    332451
   53    199565
   54    505759
   55    183713
   56    259639
   57    252645
   58    399425
   59    263827
   60    335179
   61    122001
   62    461335
   63    404323
   64    105409
   65     66413
   66    311477
   67    175313
   68    279735
   69    394009
   70     17815
   71     53097
   72     38027
   73    472745
   74    410105
   75     68809
   76    473045
   77    165945
   78    267937
   79     55141
   80     62791
   81    285995
   82    126173
   83    176985
   84    427547
   85    454863
   86    424625
   87    240079
   88     78133
   89    409009
   90    115825
   91    430717
   92    382943
   93    375529
   94    515661
   95    426131
   96    456381
   97    219683
   98    316389
   99    259059
  100     84999
  101    275415
  102    304479
  103    409707
  104    420535
  105     40537
  106    385491
  107    518771
  108    167559
  109     34663
  110    130747
  111    248377
  112    104613
  113     91679
  114    490637
  115    155525
  116     80879
  117    294657
  118    383837
  119     10835
  120    208567
  121    305071
  122    308645
  123    516997
  124    266997
  125    512799
  126    174311
  127    424585
  128    128073
  129    195057
  130    237501
  131    125311
  132    338563
  133    380199
  134    116405
  135    436269
  136    454173
  137    265837
  138    463933
  139    480925
  140    227027
  141     88187
  142      6497
  143     38863
  144    462129
  145    213739
  146    345055
  147    263405
  148    474909
  149    183125
  150     37731
  151    121641
  152    254439
  153    299429
  154    517895
  155     54023
  156     42101
  157    249273
  158    410233
  159     77471
  160    362157
  161    434577
  162    364387
  163     90051
  164    501895
  165    161773
  166     97223
  167    377405
  168     89045
  169    100783
  170    171781
  171    201015
  172    496317
  173    375069
  174    143075
  175    228303
  176    321907
  177    120085
  178    230031
  179     99207
  180    465275
  181    104317
  182    499999
  183     24531
  184    464037
  185    201809
  186    494815
  187     72657
  188    335957
  189    245969
  190    148673
  191     94087
  192    121875
  193    129677
  194    180341
  195    519361
  196    119379
  197    322575
  198    354793
  199    258519
  200    484809
  201     98843
  202     73253
  203    394657
  204    471803
  205    492369
  206     90557
  207    430259
  208     93761
  209    522833
  210    221917
  211    158575
  212    261395
  213    112329
  214    377149
  215    217515
  216    198073
  217     75717
  218    477551
  219    435439
  220    284929
  221     55347
  222    139209
  223    252695
  224    167221
  225    358873
  226    497693
  227    428953
  228    468787
  229    408703
  230    367823
  231    405757
  232    444591
  233    235183
  234    416013
  235     66009
  236    271273
  237    341093
  238    343443
  239    166341
  240     63021
  241    197067
  242    175515
  243    466911
  244    413481
  245    365193
  246      8263
  247    185349
  248    196911
  249    498843
  250    141121
  251    135583
  252    486891
  253    382525
  254      9063
  255    352399
  256    283599
  257    315551
  258    250563
  259     96993
  260    439847
  261    136091
  262    122787
  263    203509
  264     65351
  265    187257
  266     27769
  267    427271
  268    504637
  269    191661
  270    198269
  271    394483
  272     25177
  273     83859
  274     30345
  275    215055
  276    380913
  277    230161
  278    479181
  279    108969
  280    428919
  281    126755
  282    220703
  283    510299
  284     59911
  285    114963
  286    248543
  287     37939
  288     79295
  289    364755
  290    302091
  291     80313
  292    422925
  293    197755
  294    500403
  295    101531
  296    419123
  297    271697
  298    502003
  299    312361
  300    514831
  301    521401
  302    185055
  303    129339
  304     59165
  305    114625
  306    215711
  307     63075
  308     89761
  309    320147
  310    325119
  311     57131
  312     94267
  313     91433
  314    363963
  315    286515
  316    363251
  317    401965
  318    440515
  319    104899
  320    153825
  321    278581
  322    416851
  323    236221
  324    321839
  325    247525
  326    500365
  327    441647
  328     37373
  329     12319
  330    268763
  331    316051
  332     71955
  333    514707
  334    453643
  335    323493
  336    128445
  337     78293
  338    184279
  339    107867
  340    396051
  341    171839
  342    362571
  343    259205
  344     25101
  345    268495
  346    237747
  347     47979
  348    272407
  349    191595
  350    171981
  351     42021
  352    247787
  353    491947
  354    320915
  355     80579
  356    157853
  357    258825
  358    359873
  359    433855
  360     44673
  361    161663
  362    182079
  363    389495
  364    366571
  365    453023
  366    468271
  367    413995
  368    426689
  369    151245
  370    326401
  371    366697
  372    147595
  373    227185
  374    387605
  375    248899
  376    476075
  377    339543
  378    113653
  379    314071
  380    295563
  381    393417
  382    120633
  383    163665
  384     73853
  385    467443
  386    507309
  387    216283
  388    333613
  389    372967
  390    432743
  391    157767
  392     85517
  393    455655
  394    242613
  395    322455
  396     25163
  397    370943
  398    430493
  399    292603
  400    189657
  401    291811
  402    181135
  403    207599
  404    492047
  405      6053
  406    353161
  407    125759
  408    514021
  409    423021
  410    466607
  411    232713
  412    207657
  413    130225
  414    135877
  415    392103
  416    379395
  417    476243
  418    134231
  419     25945
  420    369449
  421    131503
  422    472207
  423    511859
  424    514887
  425     77995
  426     47653
  427    133207
  428     84845
  429     20441
  430    102367
  431    138477
  432    487849
  433    224589
  434    294717
  435    109759
  436     11619
  437    368801
  438    395915
  439    425041
  440    442875
  441    466719
  442    454977
  443     72281
  444    277871
  445    159921
  446    303087
  447    244501
  448       973
  449     60543
  450    370197
  451     17679
  452    489259
  453    365419
  454     22953
  455    297023
  456     22671
  457    108539
  458     85689
  459    362371
  460    386935
  461    472617
  462    334103
  463    106459
  464    100587
  465    469771
  466    322173
  467    336187
  468     67711
  469     22869
  470     50965
  471    435003
  472     28367
  473    264497
  474    366641
  475    106841
  476    220997
  477    206503
  478    495937
  479    453679
  480    137489
  481    246043
  482    484323
  483    184559
  484    238477
  485    300211
  486    274035
  487    297761
  488     38895
  489    315033
  490    231841
  491    163567
  492    169615
  493    104565
  494    394295
  495    250265
  496    295669
  497    187311
  498    444711
  499    403003
  500    243195
  501    276421
  502    162165
  503    367729
  504    309171
  505    198663
  506      7271
  507    218409
  508      5983
  509    247915
  510    172293
  511     17573
  512    325043
  513    270827
  514     32945
  515    118549
  516     36997
  517    369399
  518    263483
  519    423215
  520    368077
  521    497581
  522    258921
  523    460685
  524     61743
  525    301617
  526    113157
  527    327921
  528    124941
  529    297323
  530    145877
  531     54709
  532     38929
  533     27339
  534    128757
  535     76771
  536    238359
  537     83565
  538    355027
  539    476807
  540    285225
  541    472113
  542     65087
  543    372319
  544    221281
  545    195207
  546    350389
  547    415559
  548     56815
  549    380817
  550    143789
  551    335599
  552    489931
  553    398779
  554    282373
  555    159847
  556    350679
  557    160827
  558    279455
  559    193221
  560    230783
  561    178137
  562    353601
  563     89131
  564    372527
  565    306613
  566    187635
  567    285943
  568    213411
  569    178247
  570    116839
  571    355263
  572    437211
  573    478175
  574    235229
  575     93181
  576    256077
  577    177767
  578    349129
  579    483023
  580    484377
  581     54149
  582    402791
  583    411761
  584    473191
  585    302665
  586    414165
  587    391943
  588    215413
  589     42439
  590    164179
  591    478661
  592    213699
  593    145967
  594    444679
  595    342919
  596    212673
  597    273953
  598    251103
  599    515897
  600    318935
  601    229211
  602    511509
  603    450425
  604    133341
  605    477953
  606    154761
  607     63629
  608     38241
  609    459731
  610    175653
  611    292523
  612    401697
  613    464209
  614     81013
  615    492621
  616     50661
  617    152797
  618    248287
  619    239605
  620     51385
  621      3995
  622    206337
  623    504387
  624      6897
  625    265993
  626    480881
  627    487651
  628    365977
  629     17007
  630    497063
  631     33017
  632    518381
  633    353339
  634    334697
  635     31837
  636    477683
  637     60229
  638     50521
  639     27711
  640    513291
  641    502955
  642    115989
  643    436395
  644    423777
  645    375133
  646    495757
  647    280685
  648    338207
  649    295325
  650    234961
  651     58219
  652    286889
  653    228337
  654    322029
  655    473911
  656    442473
  657    307413
  658    272747
  659    145539
  660    441983
  661    470407
  662    107473
  663    151113
  664    248115
  665    170119
  666    404949
  667    264353
  668     87883
  669    307267
  670    324999
  671    268229
  672    256873
  673     80671
  674    199761
  675    354715
  676     21373
  677    352653
  678    225405
  679    433479
  680     61055
  681    113889
  682     85071
  683     78983
  684     17469
  685    376889
  686    261557
  687     79723
  688    305367
  689    113291
  690    231557
  691    460795
  692    138085
  693    343379
  694    373633
  695    135091
  696     95143
  697    416939
  698      1867
  699    163033
  700    315087
  701    104749
  702    206771
  703     20523
  704    282333
  705    464727
  706    140291
  707    165519
  708     41495
  709    413679
  710    315671
  711    459185
  712    179753
  713    135905
  714    455265
  715    131877
  716    423681
  717    109311
  718    415037
  719    266789
  720    491689
  721    493251
  722    238009
  723    443517
  724    222871
  725     33431
  726     12013
  727    208609
  728    471445
  729    363403
  730    170271
  731    176697
  732    180717
  733    477707
  734    422793
  735    151921
  736    414663
  737    309501
  738    366117
  739    495637
  740    477065
  741    262635
  742    211351
  743    519309
  744    415943
  745    400885
  746     91777
  747    119437
  748    123309
  749    437735
  750    250837
  751    378947
  752    345941
  753    309463
  754    515587
  755    202835
  756    412869
  757    280297
  758    224391
  759    370787
  760    134435
  761    239103
  762    266605
  763    163713
  764     71279
  765     76743
  766    470977
  767    251523
  768    326495
  769    293343
  770    325467
  771     51321
  772     55723
  773    135025
  774    459611
  775    291687
  776    173839
  777    393501
  778    114527
  779     52317
  780    367845
  781    225941
  782     32665
  783    440195
  784    261525
  785    407707
  786    236641
  787    376465
  788    389157
  789    217829
  790     29189
  791    377825
  792     41749
  793    179179
  794     37589
  795    186701
  796     90007
  797    395815
  798    521441
  799    176571
  800    310985
  801    183271
  802    195219
  803     35251
  804     97913
  805    250955
  806     20787
  807    291487
  808    327111
  809     88079
  810    295131
  811    424357
  812    267469
  813    258175
  814    148467
  815    288319
  816    495589
  817    289443
  818    122673
  819    418069
  820    298821
  821    459515
  822    174257
  823    291885
  824    498655
  825    111895
  826    224215
  827    320387
  828    432019
  829     66591
  830    170297
  831    388675
  832    459079
  833    221401
  834    211777
  835     79255
  836    222239
  837    273591
  838    293041
  839    305967
  840    109451
  841    213281
  842    362061
  843    243813
  844    446129
  845    253825
  846     25213
  847    488773
  848    515477
  849    190121
  850    497957
  851    215113
  852    322645
  853    208811
  854    474059
  855    357415
  856    152143
  857    498349
  858    510633
  859    323631
  860    409179
  861    272657
  862    463553
  863     81323
  864    224157
  865    374547
  866    143541
  867    154893
  868    154197
  869    120599
  870     67741
  871    395209
  872    253363
  873    482161
  874    321509
  875    466093
  876    150295
  877    190977
  878    330313
  879    135939
  880    399093
  881    227589
  882    447823
  883    502057
  884    198185
  885    149417
  886    135051
  887    159355
  888    510597
  889    412727
  890    186807
  891     39281
  892    131465
  893     42761
  894    268121
  895    437971
  896     71183
  897    438315
  898    275503
  899    264179
  900    276861
  901    342383
  902    486597
  903    449347
  904    311777
  905    388497
  906    164553
  907    217097
  908    175749
  909     47951
  910     31523
  911    297375
  912    299179
  913     37835
  914    270757
  915    389697
  916    245537
  917    363457
  918    268861
  919    413151
  920    475105
  921    348137
  922    364063
  923    492357
  924    117265
  925    464109
  926    250715
  927    239433
  928    264203
  929    447969
  930    279911
  931    132605
  932    333703
  933     69165
  934     57627
  935    112067
  936    371633
  937     39183
  938    315421
  939    273391
  940    324063
  941    143161
  942    194707
  943    419699
  944     24075
  945    267023
  946    308889
  947    247465
  948     77197
  949    506681
  950    211631
  951    222895
  952    192329
  953    243105
  954    195475
  955    113055
  956    390153
  957    310785
  958     61017
  959    289467
  960    401727
  961     53805
  962    461517
  963     14427
  964     24715
  965     56663
  966    168371
  967    207193
  968    475777
  969    193161
  970    122377
  971    429559
  972    222127
  973    346177
  974    107321
  975    179577
  976    141691
  977    183241
  978    250423
  979    487073
  980    174197
  981     44187
  982    311549
  983    440989
  984    322729
  985    283979
  986    519819
  987    449753
  988    242449
  989    410373
  990    264071
  991    107951
  992    228971
  993    269389
  994    221149
  995     44121
  996    523673
  997    173437
  998    144953
  999    278889
 1000    103969
 1001    349365
 1002     29649
 1003    465625
 1004     95867
 1005    406545
 1006    188777
 1007    519193
 1008     40241
 1009    513425
 1010    145087
 1011    390337
 1012    451845
 1013     29779
 1014    434803
 1015    217143
 1016     18357
 1017    361835
 1018    145719
 1019     49927
 1020    200599
 1021    473709
 1022    105611
 1023    174227
 1024    470341
 1025     50465
 1026    330983
 1027    212585
 1028    319569
 1029    425401
 1030    273989
 1031    388307
 1032    455053
 1033    397497
 1034    375483
 1035    166781
 1036     12159
 1037     88149
 1038     75919
 1039    163327
 1040    519671
 1041    405491
 1042    390223
 1043    352693
 1044    261045
 1045     83743
 1046    480267
 1047    283295
 1048     99057
 1049     45457
 1050    192883
 1051    118377
 1052     84019
 1053    288675
 1054    377663
 1055    452711
 1056    397545
 1057    394377
 1058     18959
 1059    373267
 1060    276533
 1061    211237
 1062     86655
 1063    240803
 1064    410009
 1065    377071
 1066    134527
 1067    511099
 1068     18659
 1069    412973
 1070     56189
 1071    412001
 1072    254749
 1073     72513
 1074    160593
 1075    455737
 1076    334855
 1077    162101
 1078    149925
 1079    201541
 1080    262853
 1081    328791
 1082     58641
 1083    259929
 1084    250457
 1085    128179
 1086     56981
 1087    234859
 1088    102467
 1089    275051
 1090    508797
 1091     94943
 1092    499673
 1093    308705
 1094    168137
 1095    386261
 1096    116313
 1097    188507
 1098    324967
 1099    129767
 1100     92829
 1101    336905
 1102    377247
 1103    108619
 1104    191445
 1105    181581
 1106    398197
 1107     23499
 1108    408987
 1109    494223
 1110     33817
 1111    182103
 1112      5075
 1113    397515
 1114    394073
 1115    486147
 1116      5175
 1117    101399
 1118    321665
 1119    280695
 1120    390843
 1121    352837
 1122    304455
 1123    157441
 1124    133257
 1125    321429
 1126    112387
 1127    459783
 1128    100153
 1129    193329
 1130    463851
 1131    420287
 1132     93365
 1133    374881
 1134    219965
 1135    291403
 1136    261767
 1137    214861
 1138     86509
 1139    185311
 1140      7583
 1141    323057
 1142    406763
 1143    398601
 1144    223347
 1145    115125
 1146    159607
 1147    446883
 1148    313461
 1149     92339
 1150    303531
 1151    257771
 1152    237085
 1153    305897
 1154    517521
 1155    118975
 1156    173411
 1157    447737
 1158    403219
 1159    197493
 1160    430807
 1161    418181
 1162    314187
 1163     51299
 1164     19509
 1165    315649
 1166    120981
 1167    495093
 1168    396379
 1169    295781
 1170    131767
 1171    378735
 1172    512195
 1173     13541
 1174    158833
 1175    274333
 1176    397167
 1177    236079
 1178    245881
 1179    449831
 1180    239741
 1181    376719
 1182     93953
 1183    105691
 1184    380131
 1185    321059
 1186    379373
 1187     58395
 1188    215325
 1189    194999
 1190    241585
 1191    176759
 1192    206967
 1193    192005
 1194    190553
 1195    106597
 1196     17881
 1197     32307
 1198    361319
 1199    280487
 1200    325699
 1201    418281
 1202    354251
 1203    184885
 1204    462289
 1205      9763
 1206    342399
 1207    331151
 1208    433705
 1209    455853
 1210    305397
 1211    181523
 1212    360103
 1213    469473
 1214    432323
 1215     42249
 1216    413843
 1217    485081
 1218    467487
 1219    520541
 1220     97623
 1221    255867
 1222    129479
 1223    320093
 1224     47805
 1225    523653
 1226    300859
 1227    440653
 1228    274945
 1229    163229
 1230     87107
 1231    428865
 1232    171439
 1233     96483
 1234    325155
 1235    459429
 1236    445165
 1237     66881
 1238    514347
 1239     55927
 1240    419023
 1241    338517
 1242    118583
 1243    283203
 1244    448181
 1245     62139
 1246    200669
 1247    307089
 1248    169567
 1249    163951
 1250    452141
 1251    245605
 1252     89273
 1253    407063
 1254    287859
 1255    135743
 1256    447509
 1257    296941
 1258    240397
 1259     81397
 1260    101709
 1261    478033
 1262    260819
 1263    375967
 1264    304633
 1265    384311
 1266    204955
 1267     28243
 1268    509645
 1269     24947
 1270    199633
 1271     83393
 1272    509449
 1273      8455
 1274    470931
 1275    290775
 1276    288383
 1277     93373
 1278    384775
 1279    468881
 1280    444509
 1281    199787
 1282    330465
 1283     37883
 1284    392265
 1285      8381
 1286     70185
 1287    373659
 1288    115443
 1289    464021
 1290     93335
 1291    500483
 1292     41717
 1293    367449
 1294    438781
 1295    152941
 1296    203289
 1297      9843
 1298    463453
 1299    163011
 1300    454333
 1301    239677
 1302    364903
 1303    420335
 1304     72615
 1305    141753
 1306     10593
 1307     82569
 1308     32023
 1309    388071
 1310    153721
 1311    311671
 1312    296829
 1313    455379
 1314    113735
 1315    433791
 1316    520963
 1317     67893
 1318    376997
 1319     84971
 1320     52503
 1321     68441
 1322    221303
 1323      7181
 1324    197447
 1325     53125
 1326    316865
 1327    344107
 1328    225075
 1329    168075
 1330    298361
 1331    433023
 1332     72779
 1333    277543
 1334    484595
 1335    262819
 1336    193807
 1337    119755
 1338    293991
 1339    310897
 1340    389753
 1341    115601
 1342    358305
 1343    375563
 1344    517213
 1345     55013
 1346    372401
 1347    327911
 1348    285357
 1349    425641
 1350    270877
 1351     28941
 1352     76919
 1353    321123
 1354    410893
 1355    473851
 1356    483787
 1357     82249
 1358    188481
 1359    484907
 1360    236999
 1361    462013
 1362    105123
 1363     39355
 1364    223579
 1365     57929
 1366    330967
 1367    275771
 1368    323407
 1369    287169
 1370     49701
 1371     86049
 1372    509977
 1373    212873
 1374    115297
 1375    164257
 1376     53485
 1377    498267
 1378    360079
 1379    227657
 1380    409779
 1381    345191
 1382    252953
 1383    510735
 1384    226921
 1385    455665
 1386    437983
 1387    449333
 1388    111597
 1389    152813
 1390    467059
 1391    160725
 1392    508851
 1393     58147
 1394     32289
 1395    191399
 1396    352671
 1397     85981
 1398    354397
 1399    193731
 1400    251937
 1401      3713
 1402    273231
 1403    354739
 1404     22427
 1405    171039
 1406     15141
 1407    216295
 1408    492677
 1409    376207
 1410    303563
 1411    214685
 1412    376363
 1413    185261
 1414    150931
 1415     53747
 1416    168427
 1417    450793
 1418    397921
 1419    155871
 1420    283539
 1421    318211
 1422    252271
 1423    268635
 1424    298635
 1425     31723
 1426    203643
 1427    134751
 1428     14757
 1429    147677
 1430    450959
 1431    241819
 1432    355289
 1433     69119
 1434    302781
 1435     69551
 1436     52301
 1437    480849
 1438    160631
 1439    164887
 1440    177239
 1441    288619
 1442    240037
 1443    305921
 1444     74391
 1445    445091
 1446    192659
 1447     48895
 1448     51643
 1449    239211
 1450    192633
 1451    310473
 1452    455115
 1453     94453
 1454    105767
 1455     92771
 1456    253651
 1457    389777
 1458    171823
 1459    366475
 1460    140101
 1461    431451
 1462    172413
 1463    177095
 1464    507113
 1465    159725
 1466     49119
 1467     49955
 1468    339823
 1469    345417
 1470    421625
 1471     85885
 1472    313139
 1473    129031
 1474    150955
 1475    156921
 1476     66499
 1477     74107
 1478    419587
 1479    288337
 1480    476939
 1481    337779
 1482    491665
 1483    114535
 1484    411197
 1485    452069
 1486    228787
 1487    225377
 1488    371671
 1489     69655
 1490    331117
 1491    109235
 1492    324041
 1493    327019
 1494    487719
 1495    109859
 1496    439143
 1497     40663
 1498    300913
 1499    299321
 1500     15997
 1501    239813
 1502    332605
 1503    140733
 1504    123549
 1505    384635
 1506    476411
 1507    292045
 1508    483357
 1509    110545
 1510    483567
 1511    350001
 1512    493079
 1513    396643
 1514    259575
 1515    312177
 1516    424107
 1517    232351
 1518    329253
 1519    497971
 1520    295739
 1521    495537
 1522     15075
 1523    469197
 1524    295893
 1525    202043
 1526    511275
 1527    114199
 1528    160313
 1529    454001
 1530     19939
 1531    513523
 1532     22265
 1533    202279
 1534    232721
 1535     43757
 1536     95135
 1537    351153
 1538    428573
 1539    250817
 1540    333337
 1541     78329
 1542    334349
 1543    270453
 1544    482047
 1545    340823
 1546    333785
 1547    402001
 1548    129211
 1549     60727
 1550    175813
 1551    125169
 1552    486677
 1553    511667
 1554     38479
 1555    413521
 1556    132061
 1557     40981
 1558    410723
 1559    475287
 1560    225035
 1561    439983
 1562    217407
 1563    208109
 1564      5835
 1565    334579
 1566    493189
 1567     41001
 1568    241117
 1569     81281
 1570    173003
 1571    202367
 1572     61447
 1573    273257
 1574     74651
 1575    391655
 1576    322347
 1577    242471
 1578     24163
 1579    226369
 1580      9165
 1581    517635
 1582    469107
 1583    155109
 1584    346451
 1585    509223
 1586    294959
 1587    137869
 1588    192363
 1589     43397
 1590    489467
 1591    223141
 1592    457815
 1593      3505
 1594    373125
 1595    485785
 1596     71521
 1597    143985
 1598    405163
 1599    421287
 1600     25707
 1601    330939
 1602    336447
 1603    338149
 1604    155673
 1605    398035
 1606    243559
 1607    428931
 1608    417489
 1609    212083
 1610    178895
 1611    415075
 1612    480393
 1613    175221
 1614     93977
 1615    399445
 1616    230587
 1617    142597
 1618    385055
 1619    134123
 1620    356217
 1621    211201
 1622    225271
 1623    161381
 1624    387637
 1625    286377
 1626     43015
 1627    349403
 1628    317479
 1629    331293
 1630    213477
 1631    255471
 1632     18935
 1633     69031
 1634    267373
 1635     78237
 1636    283733
 1637    214833
 1638    323597
 1639      2839
 1640    228443
 1641    491607
 1642    118363
 1643    486247
 1644    354135
 1645    107939
 1646    454441
 1647    501175
 1648     58359
 1649    508403
 1650    221869
 1651     50675
 1652    295423
 1653    103117
 1654     96121
 1655    368287
 1656    120693
 1657    476377
 1658     68565
 1659    364431
 1660    313125
 1661    294837
 1662    291611
 1663    206393
 1664    277065
 1665    241793
 1666    371587
 1667    335935
 1668     39559
 1669    229279
 1670     31959
 1671     63843
 1672    103707
 1673    410131
 1674    192219
 1675    395945
 1676    389283
 1677     19577
 1678     82895
 1679    131453
 1680    287275
 1681    431701
 1682     63349
 1683     83479
 1684    427465
 1685     47715
 1686    522389
 1687    412847
 1688    244141
 1689    393571
 1690    312577
 1691    265967
 1692    255627
 1693    312549
 1694    513811
 1695    443419
 1696    177669
 1697    177553
 1698     64499
 1699     72413
 1700    123423
 1701    386683
 1702    415871
 1703    393735
 1704     86469
 1705    516871
 1706    476671
 1707    262787
 1708    117993
 1709    342647
 1710    213545
 1711    251143
 1712     99821
 1713     57769
 1714    521991
 1715    216025
 1716    166691
 1717     69143
 1718    436535
 1719    133013
 1720    339279
 1721    128787
 1722    336389
 1723    268895
 1724     57005
 1725    278393
 1726    435855
 1727    178415
 1728    429197
 1729    172617
 1730     61599
 1731    429061
 1732      9303
 1733    304857
 1734    346935
 1735     18973
 1736    405623
 1737    436833
 1738    249459
 1739    154907
 1740     95857
 1741    320225
 1742    135493
 1743    363105
 1744    113855
 1745    117917
 1746    239255
 1747    340919
 1748    150987
 1749    122175
 1750    321247
 1751    253167
 1752    148405
 1753     32557
 1754    192495
 1755    162513
 1756    388829
 1757    173343
 1758    232613
 1759    244591
 1760    172975
 1761    508757
 1762    211589
 1763    356483
 1764    503367
 1765    411677
 1766    351957
 1767    164111
 1768    183947
 1769    353721
 1770    361329
 1771      2263
 1772    163977
 1773     12045
 1774    431589
 1775    320787
 1776    365165
 1777     26347
 1778    491227
 1779    420171
 1780    382611
 1781    153853
 1782    501981
 1783    119735
 1784    477147
 1785    467229
 1786    185919
 1787     34765
 1788    510553
 1789    311337
 1790    266857
 1791     59433
 1792    519691
 1793      4505
 1794    113497
 1795    121129
 1796    177945
 1797    406467
 1798    474619
 1799    304203
 1800    252523
 1801    205847
 1802    405007
 1803    444147
 1804    387171
 1805    213847
 1806    237255
 1807    226025
 1808     68937
 1809    337829
 1810     61145
 1811    111781
 1812    117931
 1813    100467
 1814    255595
 1815     90719
 1816    216037
 1817    237633
 1818    249963
 1819     93411
 1820    122307
 1821    404157
 1822    378681
 1823     68269
 1824    174549
 1825    402559
 1826    314859
 1827    491967
 1828    328585
 1829    413931
 1830    327351
 1831    141299
 1832     20555
 1833     56155
 1834    329427
 1835    418345
 1836     87991
 1837    209537
 1838     81605
 1839    409993
 1840     65323
 1841     56607
 1842    179695
 1843    311063
 1844    383549
 1845    168475
 1846    406023
 1847     29311
 1848    473889
 1849     54041
 1850     57317
 1851    342055
 1852    254801
 1853    325273
 1854    289659
 1855    331409
 1856     96907
 1857      1321
 1858    506499
 1859      4837
 1860    255125
 1861    492123
 1862    498511
 1863    319015
 1864    454679
 1865    346963
 1866    310115
 1867    118087
 1868    486799
 1869    101747
 1870    160849
 1871    352805
 1872    284263
 1873    144851
 1874    357727
 1875    158523
 1876    478977
 1877     41231
 1878    372841
 1879    400651
 1880    481979
 1881    297505
 1882    407825
 1883    326863
 1884    164631
 1885     64317
 1886    468669
 1887    317463
 1888    254959
 1889    309203
 1890    430519
 1891    147369
 1892     94757
 1893     24357
 1894    206669
 1895    437917
 1896    174873
 1897     91829
 1898    296881
 1899    311639
 1900     21145
 1901     16801
 1902     37111
 1903     71045
 1904    177373
 1905    499959
 1906    165601
 1907    186933
 1908    469917
 1909    190385
 1910     77265
 1911    483671
 1912    327839
 1913    473095
 1914    221715
 1915    497773
 1916     98491
 1917    167251
 1918    202973
 1919     96073
 1920    215753
 1921    286707
 1922    395745
 1923    335567
 1924    104299
 1925     69711
 1926    264415
 1927     97775
 1928    217781
 1929     61409
 1930    426345
 1931     43385
 1932    283667
 1933    387933
 1934    418295
 1935    175875
 1936    374085
 1937    274271
 1938    242359
 1939    153789
 1940    141937
 1941    369863
 1942     27791
 1943     92241
 1944    106663
 1945    306207
 1946    461453
 1947    460163
 1948    152737
 1949    280019
 1950    383481
 1951    474885
 1952    207249
 1953    133331
 1954      7565
 1955    468465
 1956    523129
 1957    336291
 1958    283811
 1959    143135
 1960    291509
 1961    300875
 1962    335207
 1963    321527
 1964     70741
 1965    220063
 1966    330089
 1967    170681
 1968    341245
 1969     64521
 1970    312869
 1971     44711
 1972    147769
 1973    440615
 1974    360831
 1975    497927
 1976    214723
 1977     38847
 1978    277603
 1979    143325
 1980    162193
 1981    260499
 1982    155319
 1983    374011
 1984    171677
 1985    130385
 1986    442807
 1987    251555
 1988     98215
 1989    189323
 1990    506435
 1991    478407
 1992    204327
 1993    357623
 1994    239907
 1995    448125
 1996    283959
 1997    358201
 1998    115561
 1999     39651
 2000    508905
 2001     10369
 2002    339713
 2003    406589
 2004    247277
 2005     43819
 2006    439873
 2007    242149
 2008    142483
 2009     59267
 2010    229723
 2011    278661
 2012    517093
 2013    454113
 2014    504987
 2015    453855
 2016     87231
 2017     58165
 2018     37241
 2019    238351
 2020    309683
 2021      7107
 2022    348175
 2023     26833
 2024    124917
 2025     52413
 2026    459945
 2027    443529
 2028    140523
 2029    505875
 2030     58525
 2031    371471
 2032    278813
 2033     18707
 2034    304235
 2035     28101
 2036    373387
 2037    379859
 2038    478731
 2039    436197
 2040    372153
 2041    183459
 2042    173745
 2043     42851
 2044     97563
 2045    208181
 2046    453111
 2047    219593
 2048    155199
 2049    236033
 2050     97613
 2051    464405
 2052     22161
 2053    460785
 2054     83491
 2055     38967
 2056    116431
 2057     79443
 2058    395179
 2059    427905
 2060    210613
 2061    493325
 2062    349883
 2063    379927
 2064    222205
 2065     63001
 2066    203759
 2067    405841
 2068    106981
 2069    483861
 2070     64205
 2071     20947
 2072    170575
 2073    280819
 2074     49939
 2075    450189
 2076     26737
 2077    340655
 2078    470235
 2079    482349
 2080    513879
 2081    413143
 2082    224265
 2083    186487
 2084    391551
 2085    470227
 2086    249647
 2087    243773
 2088    496503
 2089     38493
 2090    400967
 2091    251239
 2092    518319
 2093      1617
 2094    431069
 2095    177209
 2096    193641
 2097     17275
 2098    433663
 2099    314241
 2100      5541
 2101     59731
 2102     33415
 2103    451395
 2104    502395
 2105    107981
 2106     37821
 2107    126575
 2108    419963
 2109    151957
 2110    260515
 2111      3069
 2112    231473
 2113    212377
 2114    187619
 2115    110835
 2116    109023
 2117    322275
 2118    259281
 2119    329705
 2120    443485
 2121    446735
 2122    209017
 2123    185145
 2124    102057
 2125      1565
 2126    124749
 2127      6163
 2128    439673
 2129     51077
 2130    118489
 2131    487433
 2132    483145
 2133    372999
 2134    316537
 2135    396757
 2136     65707
 2137    223629
 2138    205369
 2139    509029
 2140    148033
 2141    152847
 2142    354609
 2143    402315
 2144    253629
 2145     78073
 2146     82363
 2147    167035
 2148    406341
 2149    501133
 2150    229133
 2151    222661
 2152    160449
 2153    368523
 2154    280503
 2155    244371
 2156    250641
 2157    195241
 2158    189629
 2159    108997
 2160     26363
 2161    133767
 2162    522127
 2163    344875
 2164    467109
 2165    174071
 2166    316677
 2167    310525
 2168    104103
 2169    493709
 2170    418705
 2171    385589
 2172    442661
 2173    505935
 2174    208435
 2175    458121
 2176    411977
 2177    454097
 2178     55163
 2179    103793
 2180    355667
 2181    149399
 2182    248823
 2183    471633
 2184     57271
 2185    272795
 2186    160229
 2187    465969
 2188     30475
 2189    462329
 2190    332719
 2191    242113
 2192     83025
 2193    503945
 2194    459875
 2195     85203
 2196    229933
 2197    493859
 2198      8967
 2199    480727
 2200    391227
 2201    276197
 2202    476791
 2203    375577
 2204    441169
 2205    244943
 2206    459577
 2207    419877
 2208    435809
 2209    512563
 2210    407961
 2211    378557
 2212     70857
 2213    413025
 2214    212713
 2215    154567
 2216    416155
 2217    276101
 2218    452833
 2219     97897
 2220     40035
 2221    199793
 2222    113449
 2223    361467
 2224    390611
 2225    470963
 2226    384007
 2227    116727
 2228    520613
 2229    140107
 2230     56541
 2231    441659
 2232    279417
 2233    414467
 2234    424121
 2235    256789
 2236    446147
 2237    323985
 2238    140597
 2239     36057
 2240    410299
 2241     28921
 2242    196919
 2243     64239
 2244    102137
 2245    484071
 2246    395535
 2247    490411
 2248    408009
 2249    399287
 2250    344139
 2251    107185
 2252    114001
 2253    127099
 2254    152875
 2255    125723
 2256    387017
 2257    176777
 2258    144667
 2259    202195
 2260     74469
 2261    285613
 2262     22793
 2263    452029
 2264     28515
 2265    497425
 2266    155391
 2267    418683
 2268    415269
 2269    464183
 2270    114949
 2271    419341
 2272     24065
 2273     85127
 2274    424923
 2275    465139
 2276    417679
 2277    507857
 2278    196391
 2279    168307
 2280    422303
 2281    520973
 2282    219121
 2283     53655
 2284    517563
 2285    345675
 2286    305733
 2287    479527
 2288    460041
 2289    153689
 2290    289393
 2291    326921
 2292    416081
 2293    340441
 2294     31197
 2295    428841
 2296    392281
 2297     25423
 2298    428599
 2299     55597
 2300    127619
 2301     83105
 2302    338227
 2303      4141
 2304     65743
 2305    519067
 2306    134929
 2307    297059
 2308    198111
 2309    219585
 2310    178713
 2311    233671
 2312    515489
 2313    313237
 2314    188757
 2315    469201
 2316    451959
 2317    214769
 2318    508181
 2319    400155
 2320    247509
 2321    162487
 2322    245041
 2323     10361
 2324    153405
 2325    196865
 2326    253941
 2327    135681
 2328    110785
 2329    286641
 2330    490941
 2331    184035
 2332     98793
 2333    316605
 2334    110647
 2335    243479
 2336     67801
 2337    238443
 2338    478347
 2339    239635
 2340    184939
 2341    117515
 2342    488251
 2343    402047
 2344     74305
 2345    491479
 2346    356293
 2347    184855
 2348    184521
 2349    314643
 2350     37027
 2351    517425
 2352    108779
 2353    120749
 2354    370853
 2355    283153
 2356    416615
 2357     15191
 2358     25737
 2359      1001
 2360    129825
 2361     98405
 2362    472335
 2363    293647
 2364    169349
 2365     71989
 2366    112535
 2367     51833
 2368    127941
 2369     12565
 2370    212035
 2371    480715
 2372     30005
 2373    112499
 2374    261803
 2375    413229
 2376     33721
 2377     69433
 2378    207523
 2379    420951
 2380    143097
 2381    297745
 2382     44219
 2383    463727
 2384    519477
 2385    495441
 2386    223287
 2387    242883
 2388    241741
 2389      8685
 2390    402467
 2391    467843
 2392    121771
 2393    522169
 2394    399597
 2395    478775
 2396     68781
 2397    199203
 2398    403631
 2399    492733
 2400    284285
 2401    182363
 2402    304389
 2403    418487
 2404    156471
 2405     31971
 2406     34625
 2407    422515
 2408    510911
 2409    205111
 2410     97691
 2411    504195
 2412     79617
 2413    403707
 2414    178621
 2415    417043
 2416     11459
 2417    333277
 2418    400709
 2419    468575
 2420    443091
 2421    432229
 2422     39041
 2423    486671
 2424     64473
 2425    240215
 2426    243305
 2427     71791
 2428    242485
 2429    193597
 2430     42191
 2431    203883
 2432    433699
 2433    395705
 2434    400001
 2435    419869
 2436    150567
 2437    174571
 2438      7517
 2439    254269
 2440    419351
 2441    117151
 2442    245661
 2443    273767
 2444    422863
 2445    508925
 2446    329365
 2447     84801
 2448    330591
 2449    449923
 2450    490263
 2451    458975
 2452    134823
 2453    281237
 2454    203241
 2455    339249
 2456    153071
 2457    420247
 2458    374595
 2459    476179
 2460    216433
 2461    487469
 2462     49753
 2463    269271
 2464    249395
 2465    148019
 2466    282721
 2467     70099
 2468    172243
 2469    502859
 2470    513961
 2471    292683
 2472    381649
 2473    483415
 2474    513437
 2475     93515
 2476     77337
 2477    177419
 2478    359985
 2479     16317
 2480    179223
 2481    208859
 2482    258069
 2483    429715
 2484    142205
 2485    232911
 2486    112299
 2487     96361
 2488    438207
 2489    386235
 2490    277047
 2491    398625
 2492    282067
 2493    235665
 2494    227855
 2495    135201
 2496     13029
 2497    427639
 2498     17927
 2499    284337
 2500     82467
 2501    397367
 2502     55255
 2503    434485
 2504    132709
 2505    200257
 2506    429791
 2507     27445
 2508    291067
 2509     47167
 2510    199145
 2511    192837
 2512     40933
 2513    315985
 2514     95759
 2515    484099
 2516    248751
 2517    316737
 2518    417999
 2519    267433
 2520     89209
 2521    309315
 2522    184865
 2523    119353
 2524    174589
 2525    235089
 2526    150035
 2527    179687
 2528    442275
 2529    394123
 2530    424335
 2531    335283
 2532    152329
 2533    118735
 2534    155937
 2535    330139
 2536     31019
 2537    289079
 2538     81175
 2539    477921
 2540    491995
 2541    406525
 2542    347983
 2543    376697
 2544    502829
 2545    338539
 2546    342953
 2547    457275
 2548    360083
 2549    277099
 2550    482035
 2551    389663
 2552    205271
 2553    155175
 2554    134045
 2555    172999
 2556    405583
 2557     71703
 2558    285837
 2559    301081
 2560    364587
 2561     21897
 2562    126967
 2563    265695
 2564    300203
 2565    322067
 2566    170399
 2567    234215
 2568     57967
 2569    250079
 2570    182137
 2571    234153
 2572     27313
 2573    325527
 2574     93863
 2575    347501
 2576    512989
 2577    329285
 2578    357991
 2579    237391
 2580     86409
 2581    459763
 2582     53133
 2583    311737
 2584    264293
 2585    492021
 2586     30699
 2587    475533
 2588    128839
 2589     78377
 2590    488725
 2591    372567
 2592    402853
 2593    395007
 2594    236253
 2595    520031
 2596    431793
 2597    253491
 2598     28037
 2599    245337
 2600    198829
 2601    199823
 2602    435177
 2603    269609
 2604     77133
 2605    523833
 2606    410485
 2607    197705
 2608    263515
 2609    259453
 2610    348583
 2611    493223
 2612    491675
 2613    262573
 2614    102787
 2615    503669
 2616    257005
 2617    303223
 2618    103439
 2619     69741
 2620    176441
 2621    279603
 2622    357995
 2623    362251
 2624    432799
 2625    263763
 2626    378847
 2627    390797
 2628    447417
 2629    508557
 2630    319763
 2631    423707
 2632    188063
 2633     38513
 2634    308035
 2635     63955
 2636    501165
 2637     29595
 2638     80709
 2639    323535
 2640    269927
 2641    335261
 2642    158753
 2643    229777
 2644     80749
 2645    406863
 2646    460611
 2647    511291
 2648    418223
 2649    210309
 2650    430995
 2651    162427
 2652    217183
 2653    509923
 2654    484919
 2655    258589
 2656    177831
 2657    324639
 2658    343127
 2659    135299
 2660    203205
 2661    241301
 2662    262463
 2663    138115
 2664    270683
 2665    282839
 2666    117185
 2667    417349
 2668    387775
 2669     31629
 2670    282661
 2671    342799
 2672    101549
 2673     90819
 2674    289015
 2675     14495
 2676    318665
 2677    202601
 2678    386487
 2679    417841
 2680    516115
 2681    346475
 2682    242543
 2683    291259
 2684     90895
 2685    477363
 2686    499051
 2687    494051
 2688    468041
 2689    220423
 2690    425817
 2691    237817
 2692    171117
 2693     28609
 2694    238145
 2695    240289
 2696     53423
 2697    141317
 2698    483159
 2699    258379
 2700    383763
 2701      3633
 2702      2249
 2703    197459
 2704    239127
 2705    260251
 2706    335773
 2707    325141
 2708    318341
 2709    520347
 2710    138883
 2711    146093
 2712    157179
 2713    502153
 2714    494329
 2715    502789
 2716    520491
 2717    261355
 2718     48247
 2719    468331
 2720    162309
 2721    340225
 2722     49011
 2723    365127
 2724    449699
 2725    458873
 2726    428649
 2727     80495
 2728     62271
 2729    356775
 2730    191453
 2731    102181
 2732     46069
 2733     98719
 2734    389717
 2735    460235
 2736    294787
 2737    387521
 2738    178041
 2739    466963
 2740    250883
 2741    141551
 2742    178167
 2743    344253
 2744    157103
 2745    230705
 2746    245629
 2747    414217
 2748    310375
 2749    467141
 2750    138281
 2751    156579
 2752     25845
 2753      2739
 2754    494469
 2755    216313
 2756    272151
 2757    347713
 2758    227639
 2759    248509
 2760    444385
 2761    477767
 2762    474893
 2763    421547
 2764    348833
 2765    201629
 2766    218437
 2767    338749
 2768    160029
 2769    514235
 2770    213095
 2771    127639
 2772     84167
 2773    427053
 2774    201331
 2775    503161
 2776    153375
 2777    420409
 2778    375307
 2779    189581
 2780     28221
 2781    259719
 2782     15205
 2783    196701
 2784    473905
 2785    266925
 2786    224911
 2787    429741
 2788     85083
 2789    110157
 2790     96869
 2791    102791
 2792     47619
 2793    432247
 2794    212241
 2795    463435
 2796    358319
 2797    178585
 2798     44395
 2799    100191
 2800    429023
 2801     65259
 2802    362471
 2803    170151
 2804    381113
 2805     62765
 2806    152349
 2807    388105
 2808    225523
 2809     78419
 2810    487637
 2811    347373
 2812    468045
 2813    214469
 2814    514843
 2815    130001
 2816    343683
 2817     50085
 2818     73399
 2819    468159
 2820    211825
 2821     89539
 2822    187483
 2823     79681
 2824    159241
 2825    140181
 2826      1749
 2827    303279
 2828    388683
 2829    391989
 2830    285585
 2831    167137
 2832    442045
 2833    146513
 2834    425487
 2835     98261
 2836     87957
 2837    432449
 2838    309723
 2839    193519
 2840     26843
 2841    249425
 2842    418377
 2843    127923
 2844    206597
 2845    351445
 2846    327519
 2847    488459
 2848     27085
 2849    331365
 2850    263653
 2851    137291
 2852    222949
 2853    445639
 2854    433915
 2855    171805
 2856    265277
 2857    334781
 2858    171645
 2859    477135
 2860    499563
 2861    257155
 2862     32231
 2863     60499
 2864    467661
 2865    345813
 2866     73517
 2867    166577
 2868    441835
 2869    128295
 2870    494277
 2871    180273
 2872    361943
 2873    333997
 2874    124885
 2875    470239
 2876    361597
 2877     48103
 2878    386367
 2879    441849
 2880     73587
 2881    337643
 2882    518205
 2883    237583
 2884    283031
 2885    355807
 2886     41375
 2887    339785
 2888    455623
 2889    150795
 2890    444637
 2891    387209
 2892    144819
 2893    403033
 2894    191613
 2895    158895
 2896    397075
 2897    337075
 2898    294523
 2899    264269
 2900    211917
 2901    245419
 2902     75547
 2903    357089
 2904    455959
 2905    449507
 2906    514437
 2907    277203
 2908    509859
 2909    396659
 2910     89857
 2911    184239
 2912    435779
 2913    291233
 2914    420915
 2915    345657
 2916    107693
 2917    392169
 2918    503677
 2919    222429
 2920    358689
 2921     11403
 2922    384031
 2923    199139
 2924    217769
 2925    157881
 2926     90827
 2927     98059
 2928     22361
 2929    516337
 2930    441369
 2931    514565
 2932    238725
 2933    183833
 2934     24763
 2935     78251
 2936     93009
 2937    452801
 2938     64993
 2939    315969
 2940    138293
 2941    507289
 2942    420365
 2943    126877
 2944    182965
 2945    137651
 2946    478307
 2947    100743
 2948    264969
 2949     95733
 2950     23065
 2951     50591
 2952    197383
 2953    313007
 2954    422201
 2955    287705
 2956    440079
 2957    345037
 2958    162917
 2959    383599
 2960    220629
 2961    112849
 2962    398329
 2963    466793
 2964    155843
 2965    241219
 2966    519891
 2967    192369
 2968    351651
 2969    242665
 2970    259891
 2971    251459
 2972    470287
 2973    175593
 2974    309593
 2975    181931
 2976    429039
 2977    174903
 2978    347811
 2979    510725
 2980    133049
 2981    321359
 2982    342035
 2983    126533
 2984    196041
 2985      8321
 2986     94905
 2987    234455
 2988    193373
 2989     99559
 2990    496281
 2991    226539
 2992    470055
 2993    499397
 2994    486021
 2995     60155
 2996     24099
 2997    320979
 2998    329205
 2999    421323
 3000    433257
 3001     13349
 3002    251297
 3003    376315
 3004    263069
 3005    443555
 3006    502319
 3007    209333
 3008      6869
 3009    134943
 3010     74383
 3011    329347
 3012    375919
 3013    249167
 3014     13163
 3015    349431
 3016    154483
 3017    365491
 3018    346495
 3019    481773
 3020    249585
 3021    423283
 3022    478689
 3023    321805
 3024    489813
 3025    372781
 3026    130357
 3027    297693
 3028    217465
 3029    334645
 3030    144365
 3031    208997
 3032    448069
 3033    515101
 3034    293129
 3035    221351
 3036    407743
 3037    490009
 3038    406719
 3039    453515
 3040    254385
 3041    425465
 3042    229179
 3043    159465
 3044    105707
 3045    430067
 3046    449633
 3047     69451
 3048    353373
 3049    516397
 3050    501629
 3051    399549
 3052    323047
 3053     19689
 3054    122843
 3055    476347
 3056    503001
 3057    355197
 3058    138449
 3059    488703
 3060    477295
 3061     97109
 3062    233041
 3063    430443
 3064    136923
 3065    235197
 3066    202027
 3067     38327
 3068    120463
 3069    174813
 3070    338113
 3071    441609
 3072    263569
 3073    221227
 3074    113241
 3075    273045
 3076    282137
 3077    171241
 3078     41935
 3079     31357
 3080    118557
 3081     67523
 3082    292579
 3083    134857
 3084    343061
 3085    229697
 3086    218763
 3087    135455
 3088     60099
 3089     11847
 3090    107231
 3091    276853
 3092    162985
 3093    172751
 3094    312815
 3095     61633
 3096    120047
 3097    396785
 3098    475097
 3099    303555
 3100     13285
 3101    172863
 3102     70155
 3103     63681
 3104    239515
 3105    345621
 3106    290689
 3107    298239
 3108    103763
 3109    415895
 3110    120915
 3111     23679
 3112    139497
 3113    361121
 3114    334841
 3115    144355
 3116      2305
 3117    440733
 3118    383935
 3119    254301
 3120    241531
 3121     34457
 3122    415979
 3123    415007
 3124    478885
 3125    258619
 3126     49075
 3127    353083
 3128    452907
 3129    174499
 3130    458573
 3131    443723
 3132    507043
 3133    439707
 3134    347831
 3135    449725
 3136    202075
 3137     43859
 3138    158609
 3139     63897
 3140    339185
 3141    274843
 3142    459317
 3143    159709
 3144    126621
 3145    245805
 3146    267279
 3147    497903
 3148    249887
 3149     18591
 3150     49351
 3151      7053
 3152     59145
 3153    514923
 3154    364455
 3155    324795
 3156    462971
 3157    110679
 3158    254491
 3159    372685
 3160    436451
 3161    399995
 3162     43123
 3163    357971
 3164    187845
 3165    191289
 3166    376213
 3167    274327
 3168     70685
 3169    496117
 3170    436651
 3171     98781
 3172     84685
 3173    496219
 3174    381455
 3175    519227
 3176    105139
 3177    134361
 3178    119783
 3179    520601
 3180    182993
 3181    426961
 3182    484215
 3183    266397
 3184     92063
 3185    337611
 3186     71971
 3187    182159
 3188    188661
 3189    365617
 3190    384753
 3191    240767
 3192    101409
 3193    161327
 3194    506943
 3195    256027
 3196    302137
 3197     67645
 3198    348261
 3199    345987
 3200     82821
 3201    150803
 3202    325899
 3203    404195
 3204    188267
 3205    359553
 3206    201053
 3207    451231
 3208    122159
 3209    428825
 3210    300001
 3211    239827
 3212    240505
 3213    111697
 3214    114993
 3215    382993
 3216    504095
 3217     92953
 3218     31055
 3219     12415
 3220    471701
 3221    523843
 3222    399053
 3223    142157
 3224    463061
 3225    344901
 3226     15261
 3227     77597
 3228     53621
 3229    348477
 3230    251199
 3231    157473
 3232    509391
 3233    210805
 3234     15897
 3235    393641
 3236    220813
 3237    261059
 3238    410533
 3239    208967
 3240     61221
 3241    324269
 3242    255081
 3243    243429
 3244    472605
 3245    340355
 3246    342415
 3247    290549
 3248     19233
 3249    231415
 3250     38129
 3251    336093
 3252     95105
 3253    356135
 3254    266969
 3255    175567
 3256    220899
 3257     50559
 3258    152993
 3259    420781
 3260    147901
 3261    340071
 3262    433337
 3263    296001
 3264     97643
 3265     82999
 3266    153235
 3267    232469
 3268    484127
 3269    509209
 3270    225935
 3271    165029
 3272    280795
 3273    178743
 3274    396733
 3275    187401
 3276    476681
 3277    427987
 3278    371647
 3279    442333
 3280    252751
 3281    500279
 3282    505525
 3283     86069
 3284    302563
 3285      4211
 3286    523349
 3287    478235
 3288     74715
 3289      9811
 3290     79187
 3291    415707
 3292    152677
 3293      8705
 3294     65633
 3295    512413
 3296    321389
 3297    286109
 3298     76449
 3299    425091
 3300    150889
 3301    479623
 3302    390699
 3303    265491
 3304    419375
 3305    339093
 3306    204437
 3307    403761
 3308     63611
 3309    196023
 3310      5275
 3311    100891
 3312    487817
 3313    177757
 3314    274609
 3315    422595
 3316    278453
 3317    449891
 3318    313533
 3319    416379
 3320    287459
 3321    271185
 3322     15157
 3323     23899
 3324    108647
 3325    186121
 3326    401865
 3327     55575
 3328    137257
 3329     80251
 3330    355575
 3331     42785
 3332    390551
 3333    341507
 3334     96395
 3335    388869
 3336    312861
 3337    428629
 3338    345403
 3339    453043
 3340    520185
 3341    340719
 3342     89113
 3343    456847
 3344     26443
 3345    395151
 3346    400067
 3347    104043
 3348    331805
 3349     31851
 3350    436119
 3351    267453
 3352    426859
 3353    420975
 3354    222361
 3355    228719
 3356    314499
 3357    253255
 3358    179205
 3359     21913
 3360    237367
 3361    446799
 3362     55215
 3363     87065
 3364    354759
 3365    312269
 3366    380985
 3367    314597
 3368    375011
 3369    427975
 3370    442223
 3371    200205
 3372    355365
 3373    159521
 3374    433587
 3375     37009
 3376    384581
 3377    517681
 3378    265183
 3379    507793
 3380    485677
 3381    406795
 3382    521221
 3383     42905
 3384     42801
 3385    367403
 3386    213261
 3387    231513
 3388    327445
 3389     90737
 3390    146609
 3391    384599
 3392    177263
 3393    315803
 3394    420995
 3395    324535
 3396    149045
 3397    255307
 3398    353567
 3399    484105
 3400    258643
 3401    247651
 3402    510129
 3403    367611
 3404    171533
 3405     99737
 3406    463885
 3407    342199
 3408    260187
 3409    323999
 3410    281565
 3411    499463
 3412    265363
 3413    205191
 3414    218005
 3415    480559
 3416    311857
 3417    184369
 3418    507099
 3419    447181
 3420     76885
 3421    489651
 3422    460399
 3423    155405
 3424     97045
 3425    479457
 3426     91797
 3427    307625
 3428    439111
 3429    508425
 3430    280013
 3431    356537
 3432    389131
 3433    401625
 3434    260063
 3435    220893
 3436     68101
 3437    225739
 3438    507077
 3439    280249
 3440    267057
 3441    290483
 3442     88615
 3443    268599
 3444    489411
 3445    124139
 3446    442543
 3447    360803
 3448    108283
 3449     27551
 3450    365841
 3451    400361
 3452    515937
 3453    222079
 3454    187495
 3455    295913
 3456    278573
 3457    253391
 3458    244133
 3459    149387
 3460    113547
 3461     72625
 3462    359225
 3463     21411
 3464     66215
 3465    358143
 3466    154407
 3467    310129
 3468    311171
 3469    336777
 3470    387059
 3471    392637
 3472     20983
 3473    215445
 3474     73507
 3475    480539
 3476    146005
 3477    358205
 3478    337089
 3479    216223
 3480    237273
 3481    311809
 3482    160077
 3483    196261
 3484    219291
 3485    295297
 3486    145157
 3487    192731
 3488    501031
 3489    117053
 3490    283741
 3491    233405
 3492    374815
 3493    459171
 3494    247821
 3495     97833
 3496    400387
 3497    110309
 3498    371049
 3499     82621
 3500     21431
 3501     95263
 3502    311871
 3503    278233
 3504    492421
 3505    357303
 3506    420073
 3507    249513
 3508     85899
 3509     74725
 3510    192237
 3511    392317
 3512    319873
 3513    400469
 3514    477939
 3515    444613
 3516    193859
 3517    307227
 3518    462421
 3519    256599
 3520    116289
 3521    144621
 3522    120265
 3523    292939
 3524     14845
 3525    449191
 3526    466665
 3527     46143
 3528    423743
 3529    407169
 3530    477021
 3531    229859
 3532    163795
 3533     20811
 3534    436485
 3535     25865
 3536    342363
 3537    245583
 3538    400783
 3539    466897
 3540    212751
 3541    459887
 3542    272911
 3543    440337
 3544    132387
 3545    474461
 3546     18991
 3547    467455
 3548    492867
 3549    451837
 3550    241561
 3551    252139
 3552     91121
 3553    263195
 3554    127091
 3555    501831
 3556    285761
 3557    359443
 3558    116241
 3559    116905
 3560    351067
 3561    289347
 3562    292953
 3563     59193
 3564    440405
 3565    315411
 3566    470201
 3567    154737
 3568    361361
 3569    160249
 3570    110323
 3571     49813
 3572     87771
 3573     66963
 3574    222943
 3575    449669
 3576     40209
 3577     17381
 3578    484171
 3579    120117
 3580    492279
 3581    230625
 3582    318761
 3583    369741
 3584    414375
 3585    207479
 3586    189357
 3587    200417
 3588    354391
 3589    364879
 3590     72915
 3591    226439
 3592    457299
 3593    253769
 3594    175007
 3595    203497
 3596    463903
 3597    284083
 3598    386061
 3599    132227
 3600    287853
