1
182667
279195
223491
205755
359329
198937
246491
466233
379083
36369
64937
66771
316939
133085
123053
117393
150849
249011
84523
488607
302459
166527
320003
389385
167853
500963
29137
272065
191127
236801
33547
493351
287131
123975
144279
469429
303333
241475
464325
222725
461957
36889
302837
375867
330661
317387
251717
204691
448709
230903
332451
199565
505759
183713
259639
252645
399425
263827
335179
122001
461335
404323
105409
66413
311477
175313
279735
394009
17815
53097
38027
472745
410105
68809
473045
165945
267937
55141
62791
285995
126173
176985
427547
454863
424625
240079
78133
409009
115825
430717
382943
375529
515661
426131
456381
219683
316389
259059
84999
275415
304479
409707
420535
40537
385491
518771
167559
34663
130747
248377
104613
91679
490637
155525
80879
294657
383837
10835
208567
305071
308645
516997
266997
512799
174311
424585
128073
195057
237501
125311
338563
380199
116405
436269
454173
265837
463933
480925
227027
88187
6497
38863
462129
213739
345055
263405
474909
183125
37731
121641
254439
299429
517895
54023
42101
249273
410233
77471
362157
434577
364387
90051
501895
161773
97223
377405
89045
100783
171781
201015
496317
375069
143075
228303
321907
120085
230031
99207
465275
104317
499999
24531
464037
201809
494815
72657
335957
245969
148673
94087
121875
129677
180341
519361
119379
322575
354793
258519
484809
98843
73253
394657
471803
492369
90557
430259
93761
522833
221917
158575
261395
112329
377149
217515
198073
75717
477551
435439
284929
55347
139209
252695
167221
358873
497693
428953
468787
408703
367823
405757
444591
235183
416013
66009
271273
341093
343443
166341
63021
197067
175515
466911
413481
365193
8263
185349
196911
498843
141121
135583
486891
382525
9063
352399
283599
315551
250563
96993
439847
136091
122787
203509
65351
187257
27769
427271
504637
191661
198269
394483
25177
83859
30345
215055
380913
230161
479181
108969
428919
126755
220703
510299
59911
114963
248543
37939
79295
364755
302091
80313
422925
197755
500403
101531
419123
271697
502003
312361
514831
521401
185055
129339
59165
114625
215711
63075
89761
320147
325119
57131
94267
91433
363963
286515
363251
401965
440515
104899
153825
278581
416851
236221
321839
247525
500365
441647
37373
12319
268763
316051
71955
514707
453643
323493
128445
78293
184279
107867
396051
171839
362571
259205
25101
268495
237747
47979
272407
191595
171981
42021
247787
491947
320915
80579
157853
258825
359873
433855
44673
161663
182079
389495
366571
453023
468271
413995
426689
151245
326401
366697
147595
227185
387605
248899
476075
339543
113653
314071
295563
393417
120633
163665
73853
467443
507309
216283
333613
372967
432743
157767
85517
455655
242613
322455
25163
370943
430493
292603
189657
291811
181135
207599
492047
6053
353161
125759
514021
423021
466607
232713
207657
130225
135877
392103
379395
476243
134231
25945
369449
131503
472207
511859
514887
77995
47653
133207
84845
20441
102367
138477
487849
224589
294717
109759
11619
368801
395915
425041
442875
466719
454977
72281
277871
159921
303087
244501
973
60543
370197
17679
489259
365419
22953
297023
22671
108539
85689
362371
386935
472617
334103
106459
100587
469771
322173
336187
67711
22869
50965
435003
28367
264497
366641
106841
220997
206503
495937
453679
137489
246043
484323
184559
238477
300211
274035
297761
38895
315033
231841
163567
169615
104565
394295
250265
295669
187311
444711
403003
243195
276421
162165
367729
309171
198663
7271
218409
5983
247915
172293
17573
325043
270827
32945
118549
36997
369399
263483
423215
368077
497581
258921
460685
61743
301617
113157
327921
124941
297323
145877
54709
38929
27339
128757
76771
238359
83565
355027
476807
285225
472113
65087
372319
221281
195207
350389
415559
56815
380817
143789
335599
489931
398779
282373
159847
350679
160827
279455
193221
230783
178137
353601
89131
372527
306613
187635
285943
213411
178247
116839
355263
437211
478175
235229
93181
256077
177767
349129
483023
484377
54149
402791
411761
473191
302665
414165
391943
215413
42439
164179
478661
213699
145967
444679
342919
212673
273953
251103
515897
318935
229211
511509
450425
133341
477953
154761
63629
38241
459731
175653
292523
401697
464209
81013
492621
50661
152797
248287
239605
51385
3995
206337
504387
6897
265993
480881
487651
365977
17007
497063
33017
518381
353339
334697
31837
477683
60229
50521
27711
513291
502955
115989
436395
423777
375133
495757
280685
338207
295325
234961
58219
286889
228337
322029
473911
442473
307413
272747
145539
441983
470407
107473
151113
248115
170119
404949
264353
87883
307267
324999
268229
256873
80671
199761
354715
21373
352653
225405
433479
61055
113889
85071
78983
17469
376889
261557
79723
305367
113291
231557
460795
138085
343379
373633
135091
95143
416939
1867
163033
315087
104749
206771
20523
282333
464727
140291
165519
41495
413679
315671
459185
179753
135905
455265
131877
423681
109311
415037
266789
491689
493251
238009
443517
222871
33431
12013
208609
471445
363403
170271
176697
180717
477707
422793
151921
414663
309501
366117
495637
477065
262635
211351
519309
415943
400885
91777
119437
123309
437735
250837
378947
345941
309463
515587
202835
412869
280297
224391
370787
134435
239103
266605
163713
71279
76743
470977
251523
326495
293343
325467
51321
55723
135025
459611
291687
173839
393501
114527
52317
367845
225941
32665
440195
261525
407707
236641
376465
389157
217829
29189
377825
41749
179179
37589
186701
90007
395815
521441
176571
310985
183271
195219
35251
97913
250955
20787
291487
327111
88079
295131
424357
267469
258175
148467
288319
495589
289443
122673
418069
298821
459515
174257
291885
498655
111895
224215
320387
432019
66591
170297
388675
459079
221401
211777
79255
222239
273591
293041
305967
109451
213281
362061
243813
446129
253825
25213
488773
515477
190121
497957
215113
322645
208811
474059
357415
152143
498349
510633
323631
409179
272657
463553
81323
224157
374547
143541
154893
154197
120599
67741
395209
253363
482161
321509
466093
150295
190977
330313
135939
399093
227589
447823
502057
198185
149417
135051
159355
510597
412727
186807
39281
131465
42761
268121
437971
71183
438315
275503
264179
276861
342383
486597
449347
311777
388497
164553
217097
175749
47951
31523
297375
299179
37835
270757
389697
245537
363457
268861
413151
475105
348137
364063
492357
117265
464109
250715
239433
264203
447969
279911
132605
333703
69165
57627
112067
371633
39183
315421
273391
324063
143161
194707
419699
24075
267023
308889
247465
77197
506681
211631
222895
192329
243105
195475
113055
390153
310785
61017
289467
401727
53805
461517
14427
24715
56663
168371
207193
475777
193161
122377
429559
222127
346177
107321
179577
141691
183241
250423
487073
174197
44187
311549
440989
322729
283979
519819
449753
242449
410373
264071
107951
228971
269389
221149
44121
523673
173437
144953
278889
103969
349365
29649
465625
95867
406545
188777
519193
40241
513425
145087
390337
451845
29779
434803
217143
18357
361835
145719
49927
200599
473709
105611
174227
470341
50465
330983
212585
319569
425401
273989
388307
455053
397497
375483
166781
12159
88149
75919
163327
519671
405491
390223
352693
261045
83743
480267
283295
99057
45457
192883
118377
84019
288675
377663
452711
397545
394377
18959
373267
276533
211237
86655
240803
410009
377071
134527
511099
18659
412973
56189
412001
254749
72513
160593
455737
334855
162101
149925
201541
262853
328791
58641
259929
250457
128179
56981
234859
102467
275051
508797
94943
499673
308705
168137
386261
116313
188507
324967
129767
92829
336905
377247
108619
191445
181581
398197
23499
408987
494223
33817
182103
5075
397515
394073
486147
5175
101399
321665
280695
390843
352837
304455
157441
133257
321429
112387
459783
100153
193329
463851
420287
93365
374881
219965
291403
261767
214861
86509
185311
7583
323057
406763
398601
223347
115125
159607
446883
313461
92339
303531
257771
237085
305897
517521
118975
173411
447737
403219
197493
430807
418181
314187
51299
19509
315649
120981
495093
396379
295781
131767
378735
512195
13541
158833
274333
397167
236079
245881
449831
239741
376719
93953
105691
380131
321059
379373
58395
215325
194999
241585
176759
206967
192005
190553
106597
17881
32307
361319
280487
325699
418281
354251
184885
462289
9763
342399
331151
433705
455853
305397
181523
360103
469473
432323
42249
413843
485081
467487
520541
97623
255867
129479
320093
47805
523653
300859
440653
274945
163229
87107
428865
171439
96483
325155
459429
445165
66881
514347
55927
419023
338517
118583
283203
448181
62139
200669
307089
169567
163951
452141
245605
89273
407063
287859
135743
447509
296941
240397
81397
101709
478033
260819
375967
304633
384311
204955
28243
509645
24947
199633
83393
509449
8455
470931
290775
288383
93373
384775
468881
444509
199787
330465
37883
392265
8381
70185
373659
115443
464021
93335
500483
41717
367449
438781
152941
203289
9843
463453
163011
454333
239677
364903
420335
72615
141753
10593
82569
32023
388071
153721
311671
296829
455379
113735
433791
520963
67893
376997
84971
52503
68441
221303
7181
197447
53125
316865
344107
225075
168075
298361
433023
72779
277543
484595
262819
193807
119755
293991
310897
389753
115601
358305
375563
517213
55013
372401
327911
285357
425641
270877
28941
76919
321123
410893
473851
483787
82249
188481
484907
236999
462013
105123
39355
223579
57929
330967
275771
323407
287169
49701
86049
509977
212873
115297
164257
53485
498267
360079
227657
409779
345191
252953
510735
226921
455665
437983
449333
111597
152813
467059
160725
508851
58147
32289
191399
352671
85981
354397
193731
251937
3713
273231
354739
22427
171039
15141
216295
492677
376207
303563
214685
376363
185261
150931
53747
168427
450793
397921
155871
283539
318211
252271
268635
298635
31723
203643
134751
14757
147677
450959
241819
355289
69119
302781
69551
52301
480849
160631
164887
177239
288619
240037
305921
74391
445091
192659
48895
51643
239211
192633
310473
455115
94453
105767
92771
253651
389777
171823
366475
140101
431451
172413
177095
507113
159725
49119
49955
339823
345417
421625
85885
313139
129031
150955
156921
66499
74107
419587
288337
476939
337779
491665
114535
411197
452069
228787
225377
371671
69655
331117
109235
324041
327019
487719
109859
439143
40663
300913
299321
15997
239813
332605
140733
123549
384635
476411
292045
483357
110545
483567
350001
493079
396643
259575
312177
424107
232351
329253
497971
295739
495537
15075
469197
295893
202043
511275
114199
160313
454001
19939
513523
22265
202279
232721
43757
95135
351153
428573
250817
333337
78329
334349
270453
482047
340823
333785
402001
129211
60727
175813
125169
486677
511667
38479
413521
132061
40981
410723
475287
225035
439983
217407
208109
5835
334579
493189
41001
241117
81281
173003
202367
61447
273257
74651
391655
322347
242471
24163
226369
9165
517635
469107
155109
346451
509223
294959
137869
192363
43397
489467
223141
457815
3505
373125
485785
71521
143985
405163
421287
25707
330939
336447
338149
155673
398035
243559
428931
417489
212083
178895
415075
480393
175221
93977
399445
230587
142597
385055
134123
356217
211201
225271
161381
387637
286377
43015
349403
317479
331293
213477
255471
18935
69031
267373
78237
283733
214833
323597
2839
228443
491607
118363
486247
354135
107939
454441
501175
58359
508403
221869
50675
295423
103117
96121
368287
120693
476377
68565
364431
313125
294837
291611
206393
277065
241793
371587
335935
39559
229279
31959
63843
103707
410131
192219
395945
389283
19577
82895
131453
287275
431701
63349
83479
427465
47715
522389
412847
244141
393571
312577
265967
255627
312549
513811
443419
177669
177553
64499
72413
123423
386683
415871
393735
86469
516871
476671
262787
117993
342647
213545
251143
99821
57769
521991
216025
166691
69143
436535
133013
339279
128787
336389
268895
57005
278393
435855
178415
429197
172617
61599
429061
9303
304857
346935
18973
405623
436833
249459
154907
95857
320225
135493
363105
113855
117917
239255
340919
150987
122175
321247
253167
148405
32557
192495
162513
388829
173343
232613
244591
172975
508757
211589
356483
503367
411677
351957
164111
183947
353721
361329
2263
163977
12045
431589
320787
365165
26347
491227
420171
382611
153853
501981
119735
477147
467229
185919
34765
510553
311337
266857
59433
519691
4505
113497
121129
177945
406467
474619
304203
252523
205847
405007
444147
387171
213847
237255
226025
68937
337829
61145
111781
117931
100467
255595
90719
216037
237633
249963
93411
122307
404157
378681
68269
174549
402559
314859
491967
328585
413931
327351
141299
20555
56155
329427
418345
87991
209537
81605
409993
65323
56607
179695
311063
383549
168475
406023
29311
473889
54041
57317
342055
254801
325273
289659
331409
96907
1321
506499
4837
255125
492123
498511
319015
454679
346963
310115
118087
486799
101747
160849
352805
284263
144851
357727
158523
478977
41231
372841
400651
481979
297505
407825
326863
164631
64317
468669
317463
254959
309203
430519
147369
94757
24357
206669
437917
174873
91829
296881
311639
21145
16801
37111
71045
177373
499959
165601
186933
469917
190385
77265
483671
327839
473095
221715
497773
98491
167251
202973
96073
215753
286707
395745
335567
104299
69711
264415
97775
217781
61409
426345
43385
283667
387933
418295
175875
374085
274271
242359
153789
141937
369863
27791
92241
106663
306207
461453
460163
152737
280019
383481
474885
207249
133331
7565
468465
523129
336291
283811
143135
291509
300875
335207
321527
70741
220063
330089
170681
341245
64521
312869
44711
147769
440615
360831
497927
214723
38847
277603
143325
162193
260499
155319
374011
171677
130385
442807
251555
98215
189323
506435
478407
204327
357623
239907
448125
283959
358201
115561
39651
508905
10369
339713
406589
247277
43819
439873
242149
142483
59267
229723
278661
517093
454113
504987
453855
87231
58165
37241
238351
309683
7107
348175
26833
124917
52413
459945
443529
140523
505875
58525
371471
278813
18707
304235
28101
373387
379859
478731
436197
372153
183459
173745
42851
97563
208181
453111
219593
155199
