1
182667
279195
223491
205755
359329
198937
246491
466233
379083
36369
64937
66771
316939
133085
123053
117393
150849
249011
84523
488607
302459
166527
320003
389385
167853
500963
29137
272065
191127
236801
33547
493351
287131
123975
144279
469429
303333
241475
464325
222725
461957
36889
302837
375867
330661
317387
251717
204691
448709
230903
332451
199565
505759
183713
259639
252645
399425
263827
335179
122001
461335
404323
105409
66413
311477
175313
279735
394009
17815
53097
38027
472745
410105
68809
473045
165945
267937
55141
62791
285995
126173
176985
427547
454863
424625
240079
78133
409009
115825
430717
382943
375529
515661
426131
456381
219683
316389
259059
84999
